1.0903104171156883
1.168423905968666
1.2237908244132996
1.2489335387945175
1.2404564172029495
1.1995043009519577
1.1316080391407013
1.0459373816847801
0.9540626332163811
0.8683919757604599
0.8004957139492035
0.7595435827970505
0.7510664463043213
0.7762091755867004
0.8315760493278503
0.9096895754337311
16.3529411781141
16.7058823562282
17.0588235343423
17.411764712456396
17.764705890570497
18.117647068684597
18.47058824679869
18.823529424912792
19.17647060302689
19.52941178114099
19.882352959255087
20.235294137369184
20.588235315483285
20.941176493597382
21.294117671711483
21.64705884982558
