1.1037430047988892
1.218955647945404
1.279245340824127
1.273123037815094
1.2532335638999939
1.250287103652954
1.1948755621910094
1.091894257068634
0.9721235394477844
0.8731475949287415
0.8205720692873001
0.8314814448356629
0.8503848493099213
0.818095737695694
0.7687696143984795
0.8833242356777191
16.06035804748535
17.817089080810547
17.45219612121582
17.491859436035156
17.0977725982666
19.77602767944336
17.84795379638672
19.94585418701172
18.798072814941406
18.61454200744629
21.3187198638916
18.721725463867188
20.88092613220215
20.22526741027832
21.60616111755371
20.875032424926758
